image_width: 640
image_height: 480
camera_name: camera
camera_matrix:
  rows: 3
  cols: 3
  data: [427.749761, 0.000000, 329.974657, 0.000000, 427.337406, 243.580297, 0.000000, 0.000000, 1.000000]
distortion_model: plumb_bob
distortion_coefficients:
  rows: 1
  cols: 5
  data: [0.063001, -0.067835, 0.001632, 0.002065, 0.000000]
rectification_matrix:
  rows: 3
  cols: 3
  data: [1.000000, 0.000000, 0.000000, 0.000000, 1.000000, 0.000000, 0.000000, 0.000000, 1.000000]
projection_matrix:
  rows: 3
  cols: 4
  data: [433.039062, 0.000000, 331.076131, 0.000000, 0.000000, 433.330505, 243.851336, 0.000000, 0.000000, 0.000000, 1.000000, 0.000000]
  